3	14	149
5	31	194
22	9	141
28	10	161
40	2	177
16	21	80
21	8	181
15	15	59
15	39	5
18	25	20
24	3	64
4	13	155
21	19	47
20	19	55
6	35	96
14	17	179
9	33	122
36	3	196
10	26	194
33	40	86
40	30	111
9	27	178
35	35	96
36	6	149
37	2	79
16	15	132
36	21	77
1	6	90
2	39	188
6	21	78
12	16	76
9	9	49
18	20	55
2	18	81
38	7	37
21	1	62
3	25	152
13	38	156
13	21	56
32	3	81
1	11	7
20	31	176
37	35	102
32	10	23
39	6	58
35	13	158
39	18	178
18	4	72
16	21	68
2	10	153
29	17	104
29	32	100
23	23	120
40	9	16
9	37	128
29	18	121
18	19	155
10	12	163
4	14	115
26	29	90
9	15	47
4	33	59
4	31	32
18	33	100
6	2	58
40	25	179
21	7	167
31	39	76
36	4	56
28	12	164
5	35	173
30	4	193
27	31	168
1	5	187
3	30	158
8	35	67
40	12	197
14	16	137
32	3	174
24	21	75
40	33	176
32	9	85
39	32	44
28	38	59
4	5	31
1	25	44
38	32	96
18	6	152
32	31	153
21	9	145
16	11	54
28	6	185
21	38	139
1	27	49
22	39	20
37	26	45
14	17	174
20	3	89
40	24	17
39	22	130

